[mol0]
175
174
169
168
163
162
157
156
151
150
145
144
139
138
133
132
127
126
121
120
115
114
109
108
103
102
97
96
91
90
85
84
79
78
73
72
67
66
61
60
55
54
49
48
43
42
37
36
31
30
25
24
19
18
13
12
7
6
1
0
356
355
350
349
344
343
338
337
332
331
326
325
320
319
314
313
308
307
302
301
296
295
290
289
284
283
278
277
272
271
266
265
260
259
254
253
248
247
242
241
236
235
230
229
224
223
218
217
212
211
206
205
200
199
194
193
188
187
182
181
548
547
542
541
536
535
530
529
524
523
518
517
512
511
506
505
500
499
494
493
488
487
482
481
476
475
470
469
464
463
458
457
452
451
446
445
440
439
434
433
428
427
422
421
416
415
410
409
404
403
398
397
392
391
386
385
380
379
374
373
740
739
734
733
728
727
722
721
716
715
710
709
704
703
698
697
692
691
686
685
680
679
674
673
668
667
662
661
656
655
650
649
644
643
638
637
632
631
626
625
620
619
614
613
608
607
602
601
596
595
590
589
584
583
578
577
572
571
566
565
933
932
927
926
921
920
915
914
909
908
903
902
897
896
891
890
885
884
879
878
873
872
867
866
861
860
855
854
849
848
843
842
837
836
831
830
825
824
819
818
813
812
807
806
801
800
795
794
789
788
783
782
777
776
771
770
765
764
759
758
[mol1]
1125
1124
1119
1118
1113
1112
1107
1106
1101
1100
1095
1094
1089
1088
1083
1082
1077
1076
1071
1070
1065
1064
1059
1058
1053
1052
1047
1046
1041
1040
1035
1034
1029
1028
1023
1022
1017
1016
1011
1010
1005
1004
999
998
993
992
987
986
981
980
975
974
969
968
963
962
957
956
951
950
1306
1305
1300
1299
1294
1293
1288
1287
1282
1281
1276
1275
1270
1269
1264
1263
1258
1257
1252
1251
1246
1245
1240
1239
1234
1233
1228
1227
1222
1221
1216
1215
1210
1209
1204
1203
1198
1197
1192
1191
1186
1185
1180
1179
1174
1173
1168
1167
1162
1161
1156
1155
1150
1149
1144
1143
1138
1137
1132
1131
1498
1497
1492
1491
1486
1485
1480
1479
1474
1473
1468
1467
1462
1461
1456
1455
1450
1449
1444
1443
1438
1437
1432
1431
1426
1425
1420
1419
1414
1413
1408
1407
1402
1401
1396
1395
1390
1389
1384
1383
1378
1377
1372
1371
1366
1365
1360
1359
1354
1353
1348
1347
1342
1341
1336
1335
1330
1329
1324
1323
1690
1689
1684
1683
1678
1677
1672
1671
1666
1665
1660
1659
1654
1653
1648
1647
1642
1641
1636
1635
1630
1629
1624
1623
1618
1617
1612
1611
1606
1605
1600
1599
1594
1593
1588
1587
1582
1581
1576
1575
1570
1569
1564
1563
1558
1557
1552
1551
1546
1545
1540
1539
1534
1533
1528
1527
1522
1521
1516
1515
1883
1882
1877
1876
1871
1870
1865
1864
1859
1858
1853
1852
1847
1846
1841
1840
1835
1834
1829
1828
1823
1822
1817
1816
1811
1810
1805
1804
1799
1798
1793
1792
1787
1786
1781
1780
1775
1774
1769
1768
1763
1762
1757
1756
1751
1750
1745
1744
1739
1738
1733
1732
1727
1726
1721
1720
1715
1714
1709
1708
[mol2]
2075
2074
2069
2068
2063
2062
2057
2056
2051
2050
2045
2044
2039
2038
2033
2032
2027
2026
2021
2020
2015
2014
2009
2008
2003
2002
1997
1996
1991
1990
1985
1984
1979
1978
1973
1972
1967
1966
1961
1960
1955
1954
1949
1948
1943
1942
1937
1936
1931
1930
1925
1924
1919
1918
1913
1912
1907
1906
1901
1900
2256
2255
2250
2249
2244
2243
2238
2237
2232
2231
2226
2225
2220
2219
2214
2213
2208
2207
2202
2201
2196
2195
2190
2189
2184
2183
2178
2177
2172
2171
2166
2165
2160
2159
2154
2153
2148
2147
2142
2141
2136
2135
2130
2129
2124
2123
2118
2117
2112
2111
2106
2105
2100
2099
2094
2093
2088
2087
2082
2081
2448
2447
2442
2441
2436
2435
2430
2429
2424
2423
2418
2417
2412
2411
2406
2405
2400
2399
2394
2393
2388
2387
2382
2381
2376
2375
2370
2369
2364
2363
2358
2357
2352
2351
2346
2345
2340
2339
2334
2333
2328
2327
2322
2321
2316
2315
2310
2309
2304
2303
2298
2297
2292
2291
2286
2285
2280
2279
2274
2273
2640
2639
2634
2633
2628
2627
2622
2621
2616
2615
2610
2609
2604
2603
2598
2597
2592
2591
2586
2585
2580
2579
2574
2573
2568
2567
2562
2561
2556
2555
2550
2549
2544
2543
2538
2537
2532
2531
2526
2525
2520
2519
2514
2513
2508
2507
2502
2501
2496
2495
2490
2489
2484
2483
2478
2477
2472
2471
2466
2465
2833
2832
2827
2826
2821
2820
2815
2814
2809
2808
2803
2802
2797
2796
2791
2790
2785
2784
2779
2778
2773
2772
2767
2766
2761
2760
2755
2754
2749
2748
2743
2742
2737
2736
2731
2730
2725
2724
2719
2718
2713
2712
2707
2706
2701
2700
2695
2694
2689
2688
2683
2682
2677
2676
2671
2670
2665
2664
2659
2658
