[mol0]
4
5
10
11
16
17
22
23
28
29
34
35
40
41
46
47
52
53
58
59
64
65
70
71
76
77
82
83
88
89
94
95
100
101
106
107
112
113
118
119
124
125
130
131
136
137
142
143
148
149
154
155
160
161
166
167
172
173
178
179
180
176
177
170
171
164
165
158
159
152
153
146
147
140
141
134
135
128
129
122
123
116
117
110
111
104
105
98
99
92
93
86
87
80
81
74
75
68
69
62
63
56
57
50
51
44
45
38
39
32
33
26
27
20
21
14
15
8
9
2
3
183
184
375
376
567
568
757
760
761
762
763
766
767
768
769
772
773
774
775
778
779
780
781
784
785
786
787
790
791
792
793
796
797
798
799
802
803
804
805
808
809
810
811
814
815
816
817
820
821
822
823
826
827
828
829
832
833
834
835
838
839
840
841
844
845
846
847
850
851
852
853
856
857
858
859
862
863
864
865
868
869
870
871
874
875
876
877
880
881
882
883
886
887
888
889
892
893
894
895
898
899
900
901
904
905
906
907
910
911
912
913
916
917
918
919
922
923
924
925
928
929
930
931
934
935
936
937
938
941
944
947
948
949
945
946
942
943
939
940
569
570
573
574
575
576
579
580
581
582
585
586
587
588
591
592
593
594
597
598
599
600
603
604
605
606
609
610
611
612
615
616
617
618
621
622
623
624
627
628
629
630
633
634
635
636
639
640
641
642
645
646
647
648
651
652
653
654
657
658
659
660
663
664
665
666
669
670
671
672
675
676
677
678
681
682
683
684
687
688
689
690
693
694
695
696
699
700
701
702
705
706
707
708
711
712
713
714
717
718
719
720
723
724
725
726
729
730
731
732
735
736
737
738
741
742
743
744
745
748
751
754
755
756
752
753
749
750
746
747
377
378
381
382
383
384
387
388
389
390
393
394
395
396
399
400
401
402
405
406
407
408
411
412
413
414
417
418
419
420
423
424
425
426
429
430
431
432
435
436
437
438
441
442
443
444
447
448
449
450
453
454
455
456
459
460
461
462
465
466
467
468
471
472
473
474
477
478
479
480
483
484
485
486
489
490
491
492
495
496
497
498
501
502
503
504
507
508
509
510
513
514
515
516
519
520
521
522
525
526
527
528
531
532
533
534
537
538
539
540
543
544
545
546
549
550
551
552
553
556
559
562
563
564
560
561
557
558
554
555
185
186
189
190
191
192
195
196
197
198
201
202
203
204
207
208
209
210
213
214
215
216
219
220
221
222
225
226
227
228
231
232
233
234
237
238
239
240
243
244
245
246
249
250
251
252
255
256
257
258
261
262
263
264
267
268
269
270
273
274
275
276
279
280
281
282
285
286
287
288
291
292
293
294
297
298
299
300
303
304
305
306
309
310
311
312
315
316
317
318
321
322
323
324
327
328
329
330
333
334
335
336
339
340
341
342
345
346
347
348
351
352
353
354
357
358
359
360
361
364
367
370
371
372
368
369
365
366
362
363
[mol1]
954
955
960
961
966
967
972
973
978
979
984
985
990
991
996
997
1002
1003
1008
1009
1014
1015
1020
1021
1026
1027
1032
1033
1038
1039
1044
1045
1050
1051
1056
1057
1062
1063
1068
1069
1074
1075
1080
1081
1086
1087
1092
1093
1098
1099
1104
1105
1110
1111
1116
1117
1122
1123
1128
1129
1130
1126
1127
1120
1121
1114
1115
1108
1109
1102
1103
1096
1097
1090
1091
1084
1085
1078
1079
1072
1073
1066
1067
1060
1061
1054
1055
1048
1049
1042
1043
1036
1037
1030
1031
1024
1025
1018
1019
1012
1013
1006
1007
1000
1001
994
995
988
989
982
983
976
977
970
971
964
965
958
959
952
953
1133
1134
1325
1326
1517
1518
1707
1710
1711
1712
1713
1716
1717
1718
1719
1722
1723
1724
1725
1728
1729
1730
1731
1734
1735
1736
1737
1740
1741
1742
1743
1746
1747
1748
1749
1752
1753
1754
1755
1758
1759
1760
1761
1764
1765
1766
1767
1770
1771
1772
1773
1776
1777
1778
1779
1782
1783
1784
1785
1788
1789
1790
1791
1794
1795
1796
1797
1800
1801
1802
1803
1806
1807
1808
1809
1812
1813
1814
1815
1818
1819
1820
1821
1824
1825
1826
1827
1830
1831
1832
1833
1836
1837
1838
1839
1842
1843
1844
1845
1848
1849
1850
1851
1854
1855
1856
1857
1860
1861
1862
1863
1866
1867
1868
1869
1872
1873
1874
1875
1878
1879
1880
1881
1884
1885
1886
1887
1888
1891
1894
1897
1898
1899
1895
1896
1892
1893
1889
1890
1519
1520
1523
1524
1525
1526
1529
1530
1531
1532
1535
1536
1537
1538
1541
1542
1543
1544
1547
1548
1549
1550
1553
1554
1555
1556
1559
1560
1561
1562
1565
1566
1567
1568
1571
1572
1573
1574
1577
1578
1579
1580
1583
1584
1585
1586
1589
1590
1591
1592
1595
1596
1597
1598
1601
1602
1603
1604
1607
1608
1609
1610
1613
1614
1615
1616
1619
1620
1621
1622
1625
1626
1627
1628
1631
1632
1633
1634
1637
1638
1639
1640
1643
1644
1645
1646
1649
1650
1651
1652
1655
1656
1657
1658
1661
1662
1663
1664
1667
1668
1669
1670
1673
1674
1675
1676
1679
1680
1681
1682
1685
1686
1687
1688
1691
1692
1693
1694
1695
1698
1701
1704
1705
1706
1702
1703
1699
1700
1696
1697
1327
1328
1331
1332
1333
1334
1337
1338
1339
1340
1343
1344
1345
1346
1349
1350
1351
1352
1355
1356
1357
1358
1361
1362
1363
1364
1367
1368
1369
1370
1373
1374
1375
1376
1379
1380
1381
1382
1385
1386
1387
1388
1391
1392
1393
1394
1397
1398
1399
1400
1403
1404
1405
1406
1409
1410
1411
1412
1415
1416
1417
1418
1421
1422
1423
1424
1427
1428
1429
1430
1433
1434
1435
1436
1439
1440
1441
1442
1445
1446
1447
1448
1451
1452
1453
1454
1457
1458
1459
1460
1463
1464
1465
1466
1469
1470
1471
1472
1475
1476
1477
1478
1481
1482
1483
1484
1487
1488
1489
1490
1493
1494
1495
1496
1499
1500
1501
1502
1503
1506
1509
1512
1513
1514
1510
1511
1507
1508
1504
1505
1135
1136
1139
1140
1141
1142
1145
1146
1147
1148
1151
1152
1153
1154
1157
1158
1159
1160
1163
1164
1165
1166
1169
1170
1171
1172
1175
1176
1177
1178
1181
1182
1183
1184
1187
1188
1189
1190
1193
1194
1195
1196
1199
1200
1201
1202
1205
1206
1207
1208
1211
1212
1213
1214
1217
1218
1219
1220
1223
1224
1225
1226
1229
1230
1231
1232
1235
1236
1237
1238
1241
1242
1243
1244
1247
1248
1249
1250
1253
1254
1255
1256
1259
1260
1261
1262
1265
1266
1267
1268
1271
1272
1273
1274
1277
1278
1279
1280
1283
1284
1285
1286
1289
1290
1291
1292
1295
1296
1297
1298
1301
1302
1303
1304
1307
1308
1309
1310
1311
1314
1317
1320
1321
1322
1318
1319
1315
1316
1312
1313
[mol2]
1904
1905
1910
1911
1916
1917
1922
1923
1928
1929
1934
1935
1940
1941
1946
1947
1952
1953
1958
1959
1964
1965
1970
1971
1976
1977
1982
1983
1988
1989
1994
1995
2000
2001
2006
2007
2012
2013
2018
2019
2024
2025
2030
2031
2036
2037
2042
2043
2048
2049
2054
2055
2060
2061
2066
2067
2072
2073
2078
2079
2080
2076
2077
2070
2071
2064
2065
2058
2059
2052
2053
2046
2047
2040
2041
2034
2035
2028
2029
2022
2023
2016
2017
2010
2011
2004
2005
1998
1999
1992
1993
1986
1987
1980
1981
1974
1975
1968
1969
1962
1963
1956
1957
1950
1951
1944
1945
1938
1939
1932
1933
1926
1927
1920
1921
1914
1915
1908
1909
1902
1903
2083
2084
2275
2276
2467
2468
2657
2660
2661
2662
2663
2666
2667
2668
2669
2672
2673
2674
2675
2678
2679
2680
2681
2684
2685
2686
2687
2690
2691
2692
2693
2696
2697
2698
2699
2702
2703
2704
2705
2708
2709
2710
2711
2714
2715
2716
2717
2720
2721
2722
2723
2726
2727
2728
2729
2732
2733
2734
2735
2738
2739
2740
2741
2744
2745
2746
2747
2750
2751
2752
2753
2756
2757
2758
2759
2762
2763
2764
2765
2768
2769
2770
2771
2774
2775
2776
2777
2780
2781
2782
2783
2786
2787
2788
2789
2792
2793
2794
2795
2798
2799
2800
2801
2804
2805
2806
2807
2810
2811
2812
2813
2816
2817
2818
2819
2822
2823
2824
2825
2828
2829
2830
2831
2834
2835
2836
2837
2838
2841
2844
2847
2848
2849
2845
2846
2842
2843
2839
2840
2469
2470
2473
2474
2475
2476
2479
2480
2481
2482
2485
2486
2487
2488
2491
2492
2493
2494
2497
2498
2499
2500
2503
2504
2505
2506
2509
2510
2511
2512
2515
2516
2517
2518
2521
2522
2523
2524
2527
2528
2529
2530
2533
2534
2535
2536
2539
2540
2541
2542
2545
2546
2547
2548
2551
2552
2553
2554
2557
2558
2559
2560
2563
2564
2565
2566
2569
2570
2571
2572
2575
2576
2577
2578
2581
2582
2583
2584
2587
2588
2589
2590
2593
2594
2595
2596
2599
2600
2601
2602
2605
2606
2607
2608
2611
2612
2613
2614
2617
2618
2619
2620
2623
2624
2625
2626
2629
2630
2631
2632
2635
2636
2637
2638
2641
2642
2643
2644
2645
2648
2651
2654
2655
2656
2652
2653
2649
2650
2646
2647
2277
2278
2281
2282
2283
2284
2287
2288
2289
2290
2293
2294
2295
2296
2299
2300
2301
2302
2305
2306
2307
2308
2311
2312
2313
2314
2317
2318
2319
2320
2323
2324
2325
2326
2329
2330
2331
2332
2335
2336
2337
2338
2341
2342
2343
2344
2347
2348
2349
2350
2353
2354
2355
2356
2359
2360
2361
2362
2365
2366
2367
2368
2371
2372
2373
2374
2377
2378
2379
2380
2383
2384
2385
2386
2389
2390
2391
2392
2395
2396
2397
2398
2401
2402
2403
2404
2407
2408
2409
2410
2413
2414
2415
2416
2419
2420
2421
2422
2425
2426
2427
2428
2431
2432
2433
2434
2437
2438
2439
2440
2443
2444
2445
2446
2449
2450
2451
2452
2453
2456
2459
2462
2463
2464
2460
2461
2457
2458
2454
2455
2085
2086
2089
2090
2091
2092
2095
2096
2097
2098
2101
2102
2103
2104
2107
2108
2109
2110
2113
2114
2115
2116
2119
2120
2121
2122
2125
2126
2127
2128
2131
2132
2133
2134
2137
2138
2139
2140
2143
2144
2145
2146
2149
2150
2151
2152
2155
2156
2157
2158
2161
2162
2163
2164
2167
2168
2169
2170
2173
2174
2175
2176
2179
2180
2181
2182
2185
2186
2187
2188
2191
2192
2193
2194
2197
2198
2199
2200
2203
2204
2205
2206
2209
2210
2211
2212
2215
2216
2217
2218
2221
2222
2223
2224
2227
2228
2229
2230
2233
2234
2235
2236
2239
2240
2241
2242
2245
2246
2247
2248
2251
2252
2253
2254
2257
2258
2259
2260
2261
2264
2267
2270
2271
2272
2268
2269
2265
2266
2262
2263
