[mol0]
175
174
169
168
163
162
157
156
151
150
145
144
139
138
133
132
127
126
121
120
115
114
109
108
103
102
97
96
91
90
85
84
79
78
73
72
67
66
61
60
55
54
49
48
43
42
37
36
31
30
25
24
19
18
13
12
7
6
1
0
356
355
350
349
344
343
338
337
332
331
326
325
320
319
314
313
308
307
302
301
296
295
290
289
284
283
278
277
272
271
266
265
260
259
254
253
248
247
242
241
236
235
230
229
224
223
218
217
212
211
206
205
200
199
194
193
188
187
182
181
548
547
542
541
536
535
530
529
524
523
518
517
512
511
506
505
500
499
494
493
488
487
482
481
476
475
470
469
464
463
458
457
452
451
446
445
440
439
434
433
428
427
422
421
416
415
410
409
404
403
398
397
392
391
386
385
380
379
374
373
740
739
734
733
728
727
722
721
716
715
710
709
704
703
698
697
692
691
686
685
680
679
674
673
668
667
662
661
656
655
650
649
644
643
638
637
632
631
626
625
620
619
614
613
608
607
602
601
596
595
590
589
584
583
578
577
572
571
566
565
933
932
927
926
921
920
915
914
909
908
903
902
897
896
891
890
885
884
879
878
873
872
867
866
861
860
855
854
849
848
843
842
837
836
831
830
825
824
819
818
813
812
807
806
801
800
795
794
789
788
783
782
777
776
771
770
765
764
759
758
