[mol0]
4
5
10
11
16
17
22
23
28
29
34
35
40
41
46
47
52
53
58
59
64
65
70
71
76
77
82
83
88
89
94
95
100
101
106
107
112
113
118
119
124
125
130
131
136
137
142
143
148
149
154
155
160
161
166
167
172
173
178
179
180
176
177
170
171
164
165
158
159
152
153
146
147
140
141
134
135
128
129
122
123
116
117
110
111
104
105
98
99
92
93
86
87
80
81
74
75
68
69
62
63
56
57
50
51
44
45
38
39
32
33
26
27
20
21
14
15
8
9
2
3
183
184
375
376
567
568
757
760
761
762
763
766
767
768
769
772
773
774
775
778
779
780
781
784
785
786
787
790
791
792
793
796
797
798
799
802
803
804
805
808
809
810
811
814
815
816
817
820
821
822
823
826
827
828
829
832
833
834
835
838
839
840
841
844
845
846
847
850
851
852
853
856
857
858
859
862
863
864
865
868
869
870
871
874
875
876
877
880
881
882
883
886
887
888
889
892
893
894
895
898
899
900
901
904
905
906
907
910
911
912
913
916
917
918
919
922
923
924
925
928
929
930
931
934
935
936
937
938
941
944
947
948
949
945
946
942
943
939
940
569
570
573
574
575
576
579
580
581
582
585
586
587
588
591
592
593
594
597
598
599
600
603
604
605
606
609
610
611
612
615
616
617
618
621
622
623
624
627
628
629
630
633
634
635
636
639
640
641
642
645
646
647
648
651
652
653
654
657
658
659
660
663
664
665
666
669
670
671
672
675
676
677
678
681
682
683
684
687
688
689
690
693
694
695
696
699
700
701
702
705
706
707
708
711
712
713
714
717
718
719
720
723
724
725
726
729
730
731
732
735
736
737
738
741
742
743
744
745
748
751
754
755
756
752
753
749
750
746
747
377
378
381
382
383
384
387
388
389
390
393
394
395
396
399
400
401
402
405
406
407
408
411
412
413
414
417
418
419
420
423
424
425
426
429
430
431
432
435
436
437
438
441
442
443
444
447
448
449
450
453
454
455
456
459
460
461
462
465
466
467
468
471
472
473
474
477
478
479
480
483
484
485
486
489
490
491
492
495
496
497
498
501
502
503
504
507
508
509
510
513
514
515
516
519
520
521
522
525
526
527
528
531
532
533
534
537
538
539
540
543
544
545
546
549
550
551
552
553
556
559
562
563
564
560
561
557
558
554
555
185
186
189
190
191
192
195
196
197
198
201
202
203
204
207
208
209
210
213
214
215
216
219
220
221
222
225
226
227
228
231
232
233
234
237
238
239
240
243
244
245
246
249
250
251
252
255
256
257
258
261
262
263
264
267
268
269
270
273
274
275
276
279
280
281
282
285
286
287
288
291
292
293
294
297
298
299
300
303
304
305
306
309
310
311
312
315
316
317
318
321
322
323
324
327
328
329
330
333
334
335
336
339
340
341
342
345
346
347
348
351
352
353
354
357
358
359
360
361
364
367
370
371
372
368
369
365
366
362
363
