[mol0]
0
1
3
4
8
17
18
19
9
10
20
21
22
2
5
11
12
13
23
24
25
26
29
30
31
35
36
37
38
41
42
43
47
48
49
50
53
54
55
59
60
61
62
65
66
67
71
72
73
74
77
78
79
83
84
85
86
89
90
91
95
96
97
98
101
102
103
107
108
109
110
113
114
115
119
120
121
122
125
126
127
131
132
133
134
137
138
139
143
144
145
146
149
150
151
155
156
157
158
161
162
163
167
168
169
170
173
174
175
179
180
181
171
176
177
178
172
159
164
165
166
160
147
152
153
154
148
135
140
141
142
136
123
128
129
130
124
111
116
117
118
112
99
104
105
106
100
87
92
93
94
88
75
80
81
82
76
63
68
69
70
64
51
56
57
58
52
39
44
45
46
40
27
32
33
34
28
6
14
15
16
7
