[mol0]
0
39
75
408
111
147
8
47
83
404
119
155
4
43
79
412
115
151
438
187
223
451
259
295
331
367
661
697
625
589
553
517
481
191
227
443
263
299
335
371
665
701
629
593
557
521
485
183
219
447
255
291
327
363
657
693
621
585
549
513
157
121
49
10
149
113
41
2
153
117
45
6
152
116
44
5
156
120
48
9
148
112
40
1
158
122
50
11
150
114
42
3
154
118
46
7
36
399
298
262
190
226
442
592
334
370
664
700
628
484
82
403
520
556
294
258
186
222
450
588
330
366
660
696
624
480
78
411
516
552
302
266
194
230
446
596
338
374
668
704
632
488
86
407
524
560
292
256
184
220
448
586
328
364
658
694
622
478
76
409
514
550
300
264
192
228
444
594
336
372
666
702
630
486
84
405
522
558
296
260
188
224
452
590
332
368
662
698
626
482
80
413
518
554
297
261
189
225
441
591
333
369
663
699
627
483
81
402
519
555
293
257
185
221
449
587
329
365
659
695
623
479
77
410
515
551
301
265
193
229
445
595
337
373
667
703
631
487
85
406
523
559
477
[mol1]
12
51
87
420
123
159
439
195
231
459
267
303
339
375
669
705
633
597
561
525
169
133
61
22
161
125
53
14
165
129
57
18
163
127
55
16
167
131
59
20
160
124
52
13
170
134
62
23
162
126
54
15
166
130
58
19
164
128
56
17
168
132
60
21
37
400
312
276
204
240
456
606
348
384
678
714
642
498
96
417
534
570
308
272
200
236
464
602
344
380
674
710
638
494
92
425
530
566
310
274
202
238
454
604
346
382
676
712
640
496
94
415
532
568
306
270
198
234
462
600
342
378
672
708
636
492
90
423
528
564
314
278
206
242
458
608
350
386
680
716
644
500
98
419
536
572
304
268
196
232
460
598
340
376
670
706
634
490
88
421
526
562
311
275
203
239
455
605
347
383
677
713
641
497
95
416
533
569
307
271
199
235
463
601
343
379
673
709
637
493
91
424
529
565
309
273
201
237
453
603
345
381
675
711
639
495
93
414
531
567
305
269
197
233
461
599
341
377
671
707
635
491
89
422
527
563
313
277
205
241
457
607
349
385
679
715
643
499
97
418
535
571
489
[mol2]
24
63
99
432
135
171
32
71
107
428
143
179
28
67
103
436
139
175
30
69
105
426
141
177
26
65
101
434
137
173
440
209
245
473
281
317
353
389
683
719
647
611
575
539
503
213
249
465
285
321
357
393
687
723
651
615
579
543
507
211
247
475
283
319
355
391
685
721
649
613
577
541
505
215
251
467
287
323
359
395
689
725
653
617
581
545
509
207
243
471
279
315
351
387
681
717
645
609
573
537
181
145
73
34
174
138
66
27
178
142
70
31
176
140
68
29
180
144
72
33
172
136
64
25
182
146
74
35
38
401
326
290
218
254
470
620
362
398
692
728
656
512
110
431
548
584
316
280
208
244
472
610
352
388
682
718
646
502
100
433
538
574
324
288
216
252
468
618
360
396
690
726
654
510
108
429
546
582
320
284
212
248
476
614
356
392
686
722
650
506
104
437
542
578
322
286
214
250
466
616
358
394
688
724
652
508
106
427
544
580
318
282
210
246
474
612
354
390
684
720
648
504
102
435
540
576
325
289
217
253
469
619
361
397
691
727
655
511
109
430
547
583
501
