[mol0]
486
488
503
501
507
508
523
521
527
528
543
541
547
548
563
561
567
568
583
581
587
588
603
601
607
608
623
621
627
628
643
641
647
648
663
661
667
668
683
681
687
688
703
701
707
708
723
721
727
[mol1]
486
488
503
501
507
508
523
521
527
528
543
541
547
548
563
561
567
568
583
581
587
588
603
601
607
608
623
621
627
628
643
641
647
648
663
661
667
668
683
681
687
688
703
701
707
708
723
721
727
[mol2]
243
245
260
258
264
265
280
278
284
285
300
298
304
305
320
318
324
325
340
338
344
345
360
358
364
365
380
378
384
385
400
398
404
405
420
418
424
425
440
438
444
445
460
458
464
465
480
478
484
