[mol0]
0
4
10
13
19
22
28
31
37
40
46
49
55
58
64
67
73
76
82
85
91
94
100
103
109
112
118
121
127
130
136
139
145
148
154
157
163
166
172
175
181
184
190
193
199
202
208
211
217
220
226
229
235
238
241
244
250
253
256
259
265
268
274
277
283
286
292
295
301
304
310
313
319
322
328
331
337
340
346
349
355
358
364
367
370
373
379
382
385
388
394
397
403
406
412
415
421
424
430
433
436
439
445
448
454
457
463
466
472
475
481
484
490
493
499
502
508
511
517
520
526
529
532
535
541
544
550
553
559
562
568
571
577
580
586
589
595
598
604
607
610
613
619
622
628
631
637
640
646
649
652
655
661
664
670
673
676
679
685
688
694
697
703
706
712
715
721
724
730
733
739
742
745
748
754
757
763
766
772
775
781
784
790
793
799
802
805
808
814
817
820
823
829
832
838
841
847
850
856
859
862
[mol1]
866
870
876
879
885
888
894
897
903
906
912
915
921
924
930
933
939
942
948
951
957
960
966
969
975
978
984
987
993
996
1002
1005
1011
1014
1020
1023
1029
1032
1038
1041
1047
1050
1056
1059
1065
1068
1074
1077
1083
1086
1092
1095
1101
1104
1107
1110
1116
1119
1122
1125
1131
1134
1140
1143
1149
1152
1158
1161
1167
1170
1176
1179
1185
1188
1194
1197
1203
1206
1212
1215
1221
1224
1230
1233
1236
1239
1245
1248
1251
1254
1260
1263
1269
1272
1278
1281
1287
1290
1296
1299
1302
1305
1311
1314
1320
1323
1329
1332
1338
1341
1347
1350
1356
1359
1365
1368
1374
1377
1383
1386
1392
1395
1398
1401
1407
1410
1416
1419
1425
1428
1434
1437
1443
1446
1452
1455
1461
1464
1470
1473
1476
1479
1485
1488
1494
1497
1503
1506
1512
1515
1518
1521
1527
1530
1536
1539
1542
1545
1551
1554
1560
1563
1569
1572
1578
1581
1587
1590
1596
1599
1605
1608
1611
1614
1620
1623
1629
1632
1638
1641
1647
1650
1656
1659
1665
1668
1671
1674
1680
1683
1686
1689
1695
1698
1704
1707
1713
1716
1722
1725
1728
[mol2]
1732
1736
1742
1745
1751
1754
1760
1763
1769
1772
1778
1781
1787
1790
1796
1799
1805
1808
1814
1817
1823
1826
1832
1835
1841
1844
1850
1853
1859
1862
1868
1871
1877
1880
1886
1889
1895
1898
1904
1907
1913
1916
1922
1925
1931
1934
1940
1943
1949
1952
1958
1961
1967
1970
1973
1976
1982
1985
1988
1991
1997
2000
2006
2009
2015
2018
2024
2027
2033
2036
2042
2045
2051
2054
2060
2063
2069
2072
2078
2081
2087
2090
2096
2099
2102
2105
2111
2114
2117
2120
2126
2129
2135
2138
2144
2147
2153
2156
2162
2165
2168
2171
2177
2180
2186
2189
2195
2198
2204
2207
2213
2216
2222
2225
2231
2234
2240
2243
2249
2252
2258
2261
2264
2267
2273
2276
2282
2285
2291
2294
2300
2303
2309
2312
2318
2321
2327
2330
2336
2339
2342
2345
2351
2354
2360
2363
2369
2372
2378
2381
2384
2387
2393
2396
2402
2405
2408
2411
2417
2420
2426
2429
2435
2438
2444
2447
2453
2456
2462
2465
2471
2474
2477
2480
2486
2489
2495
2498
2504
2507
2513
2516
2522
2525
2531
2534
2537
2540
2546
2549
2552
2555
2561
2564
2570
2573
2579
2582
2588
2591
2594
[mol3]
2598
2602
2608
2611
2617
2620
2626
2629
2635
2638
2644
2647
2653
2656
2662
2665
2671
2674
2680
2683
2689
2692
2698
2701
2707
2710
2716
2719
2725
2728
2734
2737
2743
2746
2752
2755
2761
2764
2770
2773
2779
2782
2788
2791
2797
2800
2806
2809
2815
2818
2824
2827
2833
2836
2839
2842
2848
2851
2854
2857
2863
2866
2872
2875
2881
2884
2890
2893
2899
2902
2908
2911
2917
2920
2926
2929
2935
2938
2944
2947
2953
2956
2962
2965
2968
2971
2977
2980
2983
2986
2992
2995
3001
3004
3010
3013
3019
3022
3028
3031
3034
3037
3043
3046
3052
3055
3061
3064
3070
3073
3079
3082
3088
3091
3097
3100
3106
3109
3115
3118
3124
3127
3130
3133
3139
3142
3148
3151
3157
3160
3166
3169
3175
3178
3184
3187
3193
3196
3202
3205
3208
3211
3217
3220
3226
3229
3235
3238
3244
3247
3250
3253
3259
3262
3268
3271
3274
3277
3283
3286
3292
3295
3301
3304
3310
3313
3319
3322
3328
3331
3337
3340
3343
3346
3352
3355
3361
3364
3370
3373
3379
3382
3388
3391
3397
3400
3403
3406
3412
3415
3418
3421
3427
3430
3436
3439
3445
3448
3454
3457
3460
[mol4]
3464
3468
3474
3477
3483
3486
3492
3495
3501
3504
3510
3513
3519
3522
3528
3531
3537
3540
3546
3549
3555
3558
3564
3567
3573
3576
3582
3585
3591
3594
3600
3603
3609
3612
3618
3621
3627
3630
3636
3639
3645
3648
3654
3657
3663
3666
3672
3675
3681
3684
3690
3693
3699
3702
3705
3708
3714
3717
3720
3723
3729
3732
3738
3741
3747
3750
3756
3759
3765
3768
3774
3777
3783
3786
3792
3795
3801
3804
3810
3813
3819
3822
3828
3831
3834
3837
3843
3846
3849
3852
3858
3861
3867
3870
3876
3879
3885
3888
3894
3897
3900
3903
3909
3912
3918
3921
3927
3930
3936
3939
3945
3948
3954
3957
3963
3966
3972
3975
3981
3984
3990
3993
3996
3999
4005
4008
4014
4017
4023
4026
4032
4035
4041
4044
4050
4053
4059
4062
4068
4071
4074
4077
4083
4086
4092
4095
4101
4104
4110
4113
4116
4119
4125
4128
4134
4137
4140
4143
4149
4152
4158
4161
4167
4170
4176
4179
4185
4188
4194
4197
4203
4206
4209
4212
4218
4221
4227
4230
4236
4239
4245
4248
4254
4257
4263
4266
4269
4272
4278
4281
4284
4287
4293
4296
4302
4305
4311
4314
4320
4323
4326
[mol5]
4330
4334
4340
4343
4349
4352
4358
4361
4367
4370
4376
4379
4385
4388
4394
4397
4403
4406
4412
4415
4421
4424
4430
4433
4439
4442
4448
4451
4457
4460
4466
4469
4475
4478
4484
4487
4493
4496
4502
4505
4511
4514
4520
4523
4529
4532
4538
4541
4547
4550
4556
4559
4565
4568
4571
4574
4580
4583
4586
4589
4595
4598
4604
4607
4613
4616
4622
4625
4631
4634
4640
4643
4649
4652
4658
4661
4667
4670
4676
4679
4685
4688
4694
4697
4700
4703
4709
4712
4715
4718
4724
4727
4733
4736
4742
4745
4751
4754
4760
4763
4766
4769
4775
4778
4784
4787
4793
4796
4802
4805
4811
4814
4820
4823
4829
4832
4838
4841
4847
4850
4856
4859
4862
4865
4871
4874
4880
4883
4889
4892
4898
4901
4907
4910
4916
4919
4925
4928
4934
4937
4940
4943
4949
4952
4958
4961
4967
4970
4976
4979
4982
4985
4991
4994
5000
5003
5006
5009
5015
5018
5024
5027
5033
5036
5042
5045
5051
5054
5060
5063
5069
5072
5075
5078
5084
5087
5093
5096
5102
5105
5111
5114
5120
5123
5129
5132
5135
5138
5144
5147
5150
5153
5159
5162
5168
5171
5177
5180
5186
5189
5192
[mol6]
5196
5200
5206
5209
5215
5218
5224
5227
5233
5236
5242
5245
5251
5254
5260
5263
5269
5272
5278
5281
5287
5290
5296
5299
5305
5308
5314
5317
5323
5326
5332
5335
5341
5344
5350
5353
5359
5362
5368
5371
5377
5380
5386
5389
5395
5398
5404
5407
5413
5416
5422
5425
5431
5434
5437
5440
5446
5449
5452
5455
5461
5464
5470
5473
5479
5482
5488
5491
5497
5500
5506
5509
5515
5518
5524
5527
5533
5536
5542
5545
5551
5554
5560
5563
5566
5569
5575
5578
5581
5584
5590
5593
5599
5602
5608
5611
5617
5620
5626
5629
5632
5635
5641
5644
5650
5653
5659
5662
5668
5671
5677
5680
5686
5689
5695
5698
5704
5707
5713
5716
5722
5725
5728
5731
5737
5740
5746
5749
5755
5758
5764
5767
5773
5776
5782
5785
5791
5794
5800
5803
5806
5809
5815
5818
5824
5827
5833
5836
5842
5845
5848
5851
5857
5860
5866
5869
5872
5875
5881
5884
5890
5893
5899
5902
5908
5911
5917
5920
5926
5929
5935
5938
5941
5944
5950
5953
5959
5962
5968
5971
5977
5980
5986
5989
5995
5998
6001
6004
6010
6013
6016
6019
6025
6028
6034
6037
6043
6046
6052
6055
6058
[mol7]
6062
6066
6072
6075
6081
6084
6090
6093
6099
6102
6108
6111
6117
6120
6126
6129
6135
6138
6144
6147
6153
6156
6162
6165
6171
6174
6180
6183
6189
6192
6198
6201
6207
6210
6216
6219
6225
6228
6234
6237
6243
6246
6252
6255
6261
6264
6270
6273
6279
6282
6288
6291
6297
6300
6303
6306
6312
6315
6318
6321
6327
6330
6336
6339
6345
6348
6354
6357
6363
6366
6372
6375
6381
6384
6390
6393
6399
6402
6408
6411
6417
6420
6426
6429
6432
6435
6441
6444
6447
6450
6456
6459
6465
6468
6474
6477
6483
6486
6492
6495
6498
6501
6507
6510
6516
6519
6525
6528
6534
6537
6543
6546
6552
6555
6561
6564
6570
6573
6579
6582
6588
6591
6594
6597
6603
6606
6612
6615
6621
6624
6630
6633
6639
6642
6648
6651
6657
6660
6666
6669
6672
6675
6681
6684
6690
6693
6699
6702
6708
6711
6714
6717
6723
6726
6732
6735
6738
6741
6747
6750
6756
6759
6765
6768
6774
6777
6783
6786
6792
6795
6801
6804
6807
6810
6816
6819
6825
6828
6834
6837
6843
6846
6852
6855
6861
6864
6867
6870
6876
6879
6882
6885
6891
6894
6900
6903
6909
6912
6918
6921
6924
[mol8]
6928
6932
6938
6941
6947
6950
6956
6959
6965
6968
6974
6977
6983
6986
6992
6995
7001
7004
7010
7013
7019
7022
7028
7031
7037
7040
7046
7049
7055
7058
7064
7067
7073
7076
7082
7085
7091
7094
7100
7103
7109
7112
7118
7121
7127
7130
7136
7139
7145
7148
7154
7157
7163
7166
7169
7172
7178
7181
7184
7187
7193
7196
7202
7205
7211
7214
7220
7223
7229
7232
7238
7241
7247
7250
7256
7259
7265
7268
7274
7277
7283
7286
7292
7295
7298
7301
7307
7310
7313
7316
7322
7325
7331
7334
7340
7343
7349
7352
7358
7361
7364
7367
7373
7376
7382
7385
7391
7394
7400
7403
7409
7412
7418
7421
7427
7430
7436
7439
7445
7448
7454
7457
7460
7463
7469
7472
7478
7481
7487
7490
7496
7499
7505
7508
7514
7517
7523
7526
7532
7535
7538
7541
7547
7550
7556
7559
7565
7568
7574
7577
7580
7583
7589
7592
7598
7601
7604
7607
7613
7616
7622
7625
7631
7634
7640
7643
7649
7652
7658
7661
7667
7670
7673
7676
7682
7685
7691
7694
7700
7703
7709
7712
7718
7721
7727
7730
7733
7736
7742
7745
7748
7751
7757
7760
7766
7769
7775
7778
7784
7787
7790
[mol9]
7794
7798
7804
7807
7813
7816
7822
7825
7831
7834
7840
7843
7849
7852
7858
7861
7867
7870
7876
7879
7885
7888
7894
7897
7903
7906
7912
7915
7921
7924
7930
7933
7939
7942
7948
7951
7957
7960
7966
7969
7975
7978
7984
7987
7993
7996
8002
8005
8011
8014
8020
8023
8029
8032
8035
8038
8044
8047
8050
8053
8059
8062
8068
8071
8077
8080
8086
8089
8095
8098
8104
8107
8113
8116
8122
8125
8131
8134
8140
8143
8149
8152
8158
8161
8164
8167
8173
8176
8179
8182
8188
8191
8197
8200
8206
8209
8215
8218
8224
8227
8230
8233
8239
8242
8248
8251
8257
8260
8266
8269
8275
8278
8284
8287
8293
8296
8302
8305
8311
8314
8320
8323
8326
8329
8335
8338
8344
8347
8353
8356
8362
8365
8371
8374
8380
8383
8389
8392
8398
8401
8404
8407
8413
8416
8422
8425
8431
8434
8440
8443
8446
8449
8455
8458
8464
8467
8470
8473
8479
8482
8488
8491
8497
8500
8506
8509
8515
8518
8524
8527
8533
8536
8539
8542
8548
8551
8557
8560
8566
8569
8575
8578
8584
8587
8593
8596
8599
8602
8608
8611
8614
8617
8623
8626
8632
8635
8641
8644
8650
8653
8656
[mol10]
8660
8661
8664
8670
8673
8679
8682
8688
8691
8697
8700
8706
8709
8712
8715
8721
8724
8730
8733
8739
8742
8748
8751
8757
8760
8766
8769
8772
8775
8781
8784
8787
8790
8796
8799
8805
8808
8814
8817
8820
8823
8829
8832
8838
8841
8847
8850
8856
8859
8862
8865
8871
8874
8880
8883
8889
8892
8898
8901
8907
8910
8916
8919
8925
8928
8934
8937
8943
8946
8952
8955
8961
8964
8970
8973
8976
8979
8985
8988
8994
8997
9000
9003
9009
9012
9018
9021
9024
9027
9033
9036
9042
9045
9051
9054
9060
9063
9069
9072
9078
9081
9087
9090
9096
9099
9105
9108
9114
9117
9123
9126
9132
9135
9141
9144
9150
9153
9159
9162
9168
9171
9177
9180
9186
9189
9192
9195
9201
9204
9210
9213
9216
9219
9225
9228
9234
9237
9243
9246
9252
9255
9261
9264
9270
9273
9279
9282
9288
9291
9297
9300
9306
9309
9315
9318
9324
9327
9333
9336
9339
9342
9348
9351
9357
9360
9366
9369
9375
9378
9384
9387
9390
9393
9399
9402
9408
9411
9417
9420
9426
9429
9435
9438
9444
9447
9453
9456
9462
9465
9471
9474
9480
9483
9489
9492
9498
9501
9507
9510
9516
9519
9522
9525
[mol11]
9526
9527
9530
9536
9539
9545
9548
9554
9557
9563
9566
9572
9575
9578
9581
9587
9590
9596
9599
9605
9608
9614
9617
9623
9626
9632
9635
9638
9641
9647
9650
9653
9656
9662
9665
9671
9674
9680
9683
9686
9689
9695
9698
9704
9707
9713
9716
9722
9725
9728
9731
9737
9740
9746
9749
9755
9758
9764
9767
9773
9776
9782
9785
9791
9794
9800
9803
9809
9812
9818
9821
9827
9830
9836
9839
9842
9845
9851
9854
9860
9863
9866
9869
9875
9878
9884
9887
9890
9893
9899
9902
9908
9911
9917
9920
9926
9929
9935
9938
9944
9947
9953
9956
9962
9965
9971
9974
9980
9983
9989
9992
9998
10001
10007
10010
10016
10019
10025
10028
10034
10037
10043
10046
10052
10055
10058
10061
10067
10070
10076
10079
10082
10085
10091
10094
10100
10103
10109
10112
10118
10121
10127
10130
10136
10139
10145
10148
10154
10157
10163
10166
10172
10175
10181
10184
10190
10193
10199
10202
10205
10208
10214
10217
10223
10226
10232
10235
10241
10244
10250
10253
10256
10259
10265
10268
10274
10277
10283
10286
10292
10295
10301
10304
10310
10313
10319
10322
10328
10331
10337
10340
10346
10349
10355
10358
10364
10367
10373
10376
10382
10385
10388
10391
[mol12]
10392
10393
10396
10402
10405
10411
10414
10420
10423
10429
10432
10438
10441
10444
10447
10453
10456
10462
10465
10471
10474
10480
10483
10489
10492
10498
10501
10504
10507
10513
10516
10519
10522
10528
10531
10537
10540
10546
10549
10552
10555
10561
10564
10570
10573
10579
10582
10588
10591
10594
10597
10603
10606
10612
10615
10621
10624
10630
10633
10639
10642
10648
10651
10657
10660
10666
10669
10675
10678
10684
10687
10693
10696
10702
10705
10708
10711
10717
10720
10726
10729
10732
10735
10741
10744
10750
10753
10756
10759
10765
10768
10774
10777
10783
10786
10792
10795
10801
10804
10810
10813
10819
10822
10828
10831
10837
10840
10846
10849
10855
10858
10864
10867
10873
10876
10882
10885
10891
10894
10900
10903
10909
10912
10918
10921
10924
10927
10933
10936
10942
10945
10948
10951
10957
10960
10966
10969
10975
10978
10984
10987
10993
10996
11002
11005
11011
11014
11020
11023
11029
11032
11038
11041
11047
11050
11056
11059
11065
11068
11071
11074
11080
11083
11089
11092
11098
11101
11107
11110
11116
11119
11122
11125
11131
11134
11140
11143
11149
11152
11158
11161
11167
11170
11176
11179
11185
11188
11194
11197
11203
11206
11212
11215
11221
11224
11230
11233
11239
11242
11248
11251
11254
11257
[mol13]
11258
11259
11262
11268
11271
11277
11280
11286
11289
11295
11298
11304
11307
11310
11313
11319
11322
11328
11331
11337
11340
11346
11349
11355
11358
11364
11367
11370
11373
11379
11382
11385
11388
11394
11397
11403
11406
11412
11415
11418
11421
11427
11430
11436
11439
11445
11448
11454
11457
11460
11463
11469
11472
11478
11481
11487
11490
11496
11499
11505
11508
11514
11517
11523
11526
11532
11535
11541
11544
11550
11553
11559
11562
11568
11571
11574
11577
11583
11586
11592
11595
11598
11601
11607
11610
11616
11619
11622
11625
11631
11634
11640
11643
11649
11652
11658
11661
11667
11670
11676
11679
11685
11688
11694
11697
11703
11706
11712
11715
11721
11724
11730
11733
11739
11742
11748
11751
11757
11760
11766
11769
11775
11778
11784
11787
11790
11793
11799
11802
11808
11811
11814
11817
11823
11826
11832
11835
11841
11844
11850
11853
11859
11862
11868
11871
11877
11880
11886
11889
11895
11898
11904
11907
11913
11916
11922
11925
11931
11934
11937
11940
11946
11949
11955
11958
11964
11967
11973
11976
11982
11985
11988
11991
11997
12000
12006
12009
12015
12018
12024
12027
12033
12036
12042
12045
12051
12054
12060
12063
12069
12072
12078
12081
12087
12090
12096
12099
12105
12108
12114
12117
12120
12123
[mol14]
12124
12125
12128
12134
12137
12143
12146
12152
12155
12161
12164
12170
12173
12176
12179
12185
12188
12194
12197
12203
12206
12212
12215
12221
12224
12230
12233
12236
12239
12245
12248
12251
12254
12260
12263
12269
12272
12278
12281
12284
12287
12293
12296
12302
12305
12311
12314
12320
12323
12326
12329
12335
12338
12344
12347
12353
12356
12362
12365
12371
12374
12380
12383
12389
12392
12398
12401
12407
12410
12416
12419
12425
12428
12434
12437
12440
12443
12449
12452
12458
12461
12464
12467
12473
12476
12482
12485
12488
12491
12497
12500
12506
12509
12515
12518
12524
12527
12533
12536
12542
12545
12551
12554
12560
12563
12569
12572
12578
12581
12587
12590
12596
12599
12605
12608
12614
12617
12623
12626
12632
12635
12641
12644
12650
12653
12656
12659
12665
12668
12674
12677
12680
12683
12689
12692
12698
12701
12707
12710
12716
12719
12725
12728
12734
12737
12743
12746
12752
12755
12761
12764
12770
12773
12779
12782
12788
12791
12797
12800
12803
12806
12812
12815
12821
12824
12830
12833
12839
12842
12848
12851
12854
12857
12863
12866
12872
12875
12881
12884
12890
12893
12899
12902
12908
12911
12917
12920
12926
12929
12935
12938
12944
12947
12953
12956
12962
12965
12971
12974
12980
12983
12986
12989
[mol15]
12990
12991
12994
13000
13003
13009
13012
13018
13021
13027
13030
13036
13039
13042
13045
13051
13054
13060
13063
13069
13072
13078
13081
13087
13090
13096
13099
13102
13105
13111
13114
13117
13120
13126
13129
13135
13138
13144
13147
13150
13153
13159
13162
13168
13171
13177
13180
13186
13189
13192
13195
13201
13204
13210
13213
13219
13222
13228
13231
13237
13240
13246
13249
13255
13258
13264
13267
13273
13276
13282
13285
13291
13294
13300
13303
13306
13309
13315
13318
13324
13327
13330
13333
13339
13342
13348
13351
13354
13357
13363
13366
13372
13375
13381
13384
13390
13393
13399
13402
13408
13411
13417
13420
13426
13429
13435
13438
13444
13447
13453
13456
13462
13465
13471
13474
13480
13483
13489
13492
13498
13501
13507
13510
13516
13519
13522
13525
13531
13534
13540
13543
13546
13549
13555
13558
13564
13567
13573
13576
13582
13585
13591
13594
13600
13603
13609
13612
13618
13621
13627
13630
13636
13639
13645
13648
13654
13657
13663
13666
13669
13672
13678
13681
13687
13690
13696
13699
13705
13708
13714
13717
13720
13723
13729
13732
13738
13741
13747
13750
13756
13759
13765
13768
13774
13777
13783
13786
13792
13795
13801
13804
13810
13813
13819
13822
13828
13831
13837
13840
13846
13849
13852
13855
[mol16]
13856
13857
13860
13866
13869
13875
13878
13884
13887
13893
13896
13902
13905
13908
13911
13917
13920
13926
13929
13935
13938
13944
13947
13953
13956
13962
13965
13968
13971
13977
13980
13983
13986
13992
13995
14001
14004
14010
14013
14016
14019
14025
14028
14034
14037
14043
14046
14052
14055
14058
14061
14067
14070
14076
14079
14085
14088
14094
14097
14103
14106
14112
14115
14121
14124
14130
14133
14139
14142
14148
14151
14157
14160
14166
14169
14172
14175
14181
14184
14190
14193
14196
14199
14205
14208
14214
14217
14220
14223
14229
14232
14238
14241
14247
14250
14256
14259
14265
14268
14274
14277
14283
14286
14292
14295
14301
14304
14310
14313
14319
14322
14328
14331
14337
14340
14346
14349
14355
14358
14364
14367
14373
14376
14382
14385
14388
14391
14397
14400
14406
14409
14412
14415
14421
14424
14430
14433
14439
14442
14448
14451
14457
14460
14466
14469
14475
14478
14484
14487
14493
14496
14502
14505
14511
14514
14520
14523
14529
14532
14535
14538
14544
14547
14553
14556
14562
14565
14571
14574
14580
14583
14586
14589
14595
14598
14604
14607
14613
14616
14622
14625
14631
14634
14640
14643
14649
14652
14658
14661
14667
14670
14676
14679
14685
14688
14694
14697
14703
14706
14712
14715
14718
14721
[mol17]
14722
14723
14726
14732
14735
14741
14744
14750
14753
14759
14762
14768
14771
14774
14777
14783
14786
14792
14795
14801
14804
14810
14813
14819
14822
14828
14831
14834
14837
14843
14846
14849
14852
14858
14861
14867
14870
14876
14879
14882
14885
14891
14894
14900
14903
14909
14912
14918
14921
14924
14927
14933
14936
14942
14945
14951
14954
14960
14963
14969
14972
14978
14981
14987
14990
14996
14999
15005
15008
15014
15017
15023
15026
15032
15035
15038
15041
15047
15050
15056
15059
15062
15065
15071
15074
15080
15083
15086
15089
15095
15098
15104
15107
15113
15116
15122
15125
15131
15134
15140
15143
15149
15152
15158
15161
15167
15170
15176
15179
15185
15188
15194
15197
15203
15206
15212
15215
15221
15224
15230
15233
15239
15242
15248
15251
15254
15257
15263
15266
15272
15275
15278
15281
15287
15290
15296
15299
15305
15308
15314
15317
15323
15326
15332
15335
15341
15344
15350
15353
15359
15362
15368
15371
15377
15380
15386
15389
15395
15398
15401
15404
15410
15413
15419
15422
15428
15431
15437
15440
15446
15449
15452
15455
15461
15464
15470
15473
15479
15482
15488
15491
15497
15500
15506
15509
15515
15518
15524
15527
15533
15536
15542
15545
15551
15554
15560
15563
15569
15572
15578
15581
15584
15587
[mol18]
15588
15589
15592
15598
15601
15607
15610
15616
15619
15625
15628
15634
15637
15640
15643
15649
15652
15658
15661
15667
15670
15676
15679
15685
15688
15694
15697
15700
15703
15709
15712
15715
15718
15724
15727
15733
15736
15742
15745
15748
15751
15757
15760
15766
15769
15775
15778
15784
15787
15790
15793
15799
15802
15808
15811
15817
15820
15826
15829
15835
15838
15844
15847
15853
15856
15862
15865
15871
15874
15880
15883
15889
15892
15898
15901
15904
15907
15913
15916
15922
15925
15928
15931
15937
15940
15946
15949
15952
15955
15961
15964
15970
15973
15979
15982
15988
15991
15997
16000
16006
16009
16015
16018
16024
16027
16033
16036
16042
16045
16051
16054
16060
16063
16069
16072
16078
16081
16087
16090
16096
16099
16105
16108
16114
16117
16120
16123
16129
16132
16138
16141
16144
16147
16153
16156
16162
16165
16171
16174
16180
16183
16189
16192
16198
16201
16207
16210
16216
16219
16225
16228
16234
16237
16243
16246
16252
16255
16261
16264
16267
16270
16276
16279
16285
16288
16294
16297
16303
16306
16312
16315
16318
16321
16327
16330
16336
16339
16345
16348
16354
16357
16363
16366
16372
16375
16381
16384
16390
16393
16399
16402
16408
16411
16417
16420
16426
16429
16435
16438
16444
16447
16450
16453
[mol19]
16454
16455
16458
16464
16467
16473
16476
16482
16485
16491
16494
16500
16503
16506
16509
16515
16518
16524
16527
16533
16536
16542
16545
16551
16554
16560
16563
16566
16569
16575
16578
16581
16584
16590
16593
16599
16602
16608
16611
16614
16617
16623
16626
16632
16635
16641
16644
16650
16653
16656
16659
16665
16668
16674
16677
16683
16686
16692
16695
16701
16704
16710
16713
16719
16722
16728
16731
16737
16740
16746
16749
16755
16758
16764
16767
16770
16773
16779
16782
16788
16791
16794
16797
16803
16806
16812
16815
16818
16821
16827
16830
16836
16839
16845
16848
16854
16857
16863
16866
16872
16875
16881
16884
16890
16893
16899
16902
16908
16911
16917
16920
16926
16929
16935
16938
16944
16947
16953
16956
16962
16965
16971
16974
16980
16983
16986
16989
16995
16998
17004
17007
17010
17013
17019
17022
17028
17031
17037
17040
17046
17049
17055
17058
17064
17067
17073
17076
17082
17085
17091
17094
17100
17103
17109
17112
17118
17121
17127
17130
17133
17136
17142
17145
17151
17154
17160
17163
17169
17172
17178
17181
17184
17187
17193
17196
17202
17205
17211
17214
17220
17223
17229
17232
17238
17241
17247
17250
17256
17259
17265
17268
17274
17277
17283
17286
17292
17295
17301
17304
17310
17313
17316
17319
[mol20]
17320
17324
17330
17333
17336
17339
17345
17348
17351
17354
17360
17363
17369
17372
17378
17381
17387
17390
17396
17399
17405
17408
17411
17414
17420
17423
17429
17432
17438
17441
17447
17450
17456
17459
17462
17465
17471
17474
17480
17483
17489
17492
17498
17501
17507
17510
17516
17519
17525
17528
17534
17537
17543
17546
17552
17555
17561
17564
17570
17573
17579
17582
17588
17591
17597
17600
17606
17609
17612
17615
17621
17624
17630
17633
17639
17642
17648
17651
17657
17660
17663
17666
17672
17675
17678
17681
17687
17690
17696
17699
17705
17708
17714
17717
17723
17726
17729
17732
17738
17741
17747
17750
17756
17759
17765
17768
17774
17777
17783
17786
17792
17795
17801
17804
17810
17813
17819
17822
17825
17828
17834
17837
17843
17846
17852
17855
17861
17864
17870
17873
17879
17882
17888
17891
17897
17900
17906
17909
17915
17918
17924
17927
17933
17936
17942
17945
17951
17954
17960
17963
17966
17969
17975
17978
17984
17987
17993
17996
18002
18005
18008
18011
18017
18020
18026
18029
18035
18038
18044
18047
18053
18056
18062
18065
18071
18074
18080
18083
18089
18092
18098
18101
18107
18110
18116
18119
18125
18128
18134
18137
18143
18146
18152
18155
18158
18161
18167
18170
18176
18179
18182
18185
[mol21]
18186
18190
18196
18199
18202
18205
18211
18214
18217
18220
18226
18229
18235
18238
18244
18247
18253
18256
18262
18265
18271
18274
18277
18280
18286
18289
18295
18298
18304
18307
18313
18316
18322
18325
18328
18331
18337
18340
18346
18349
18355
18358
18364
18367
18373
18376
18382
18385
18391
18394
18400
18403
18409
18412
18418
18421
18427
18430
18436
18439
18445
18448
18454
18457
18463
18466
18472
18475
18478
18481
18487
18490
18496
18499
18505
18508
18514
18517
18523
18526
18529
18532
18538
18541
18544
18547
18553
18556
18562
18565
18571
18574
18580
18583
18589
18592
18595
18598
18604
18607
18613
18616
18622
18625
18631
18634
18640
18643
18649
18652
18658
18661
18667
18670
18676
18679
18685
18688
18691
18694
18700
18703
18709
18712
18718
18721
18727
18730
18736
18739
18745
18748
18754
18757
18763
18766
18772
18775
18781
18784
18790
18793
18799
18802
18808
18811
18817
18820
18826
18829
18832
18835
18841
18844
18850
18853
18859
18862
18868
18871
18874
18877
18883
18886
18892
18895
18901
18904
18910
18913
18919
18922
18928
18931
18937
18940
18946
18949
18955
18958
18964
18967
18973
18976
18982
18985
18991
18994
19000
19003
19009
19012
19018
19021
19024
19027
19033
19036
19042
19045
19048
19051
[mol22]
19052
19056
19062
19065
19068
19071
19077
19080
19083
19086
19092
19095
19101
19104
19110
19113
19119
19122
19128
19131
19137
19140
19143
19146
19152
19155
19161
19164
19170
19173
19179
19182
19188
19191
19194
19197
19203
19206
19212
19215
19221
19224
19230
19233
19239
19242
19248
19251
19257
19260
19266
19269
19275
19278
19284
19287
19293
19296
19302
19305
19311
19314
19320
19323
19329
19332
19338
19341
19344
19347
19353
19356
19362
19365
19371
19374
19380
19383
19389
19392
19395
19398
19404
19407
19410
19413
19419
19422
19428
19431
19437
19440
19446
19449
19455
19458
19461
19464
19470
19473
19479
19482
19488
19491
19497
19500
19506
19509
19515
19518
19524
19527
19533
19536
19542
19545
19551
19554
19557
19560
19566
19569
19575
19578
19584
19587
19593
19596
19602
19605
19611
19614
19620
19623
19629
19632
19638
19641
19647
19650
19656
19659
19665
19668
19674
19677
19683
19686
19692
19695
19698
19701
19707
19710
19716
19719
19725
19728
19734
19737
19740
19743
19749
19752
19758
19761
19767
19770
19776
19779
19785
19788
19794
19797
19803
19806
19812
19815
19821
19824
19830
19833
19839
19842
19848
19851
19857
19860
19866
19869
19875
19878
19884
19887
19890
19893
19899
19902
19908
19911
19914
19917
[mol23]
19918
19922
19928
19931
19934
19937
19943
19946
19949
19952
19958
19961
19967
19970
19976
19979
19985
19988
19994
19997
20003
20006
20009
20012
20018
20021
20027
20030
20036
20039
20045
20048
20054
20057
20060
20063
20069
20072
20078
20081
20087
20090
20096
20099
20105
20108
20114
20117
20123
20126
20132
20135
20141
20144
20150
20153
20159
20162
20168
20171
20177
20180
20186
20189
20195
20198
20204
20207
20210
20213
20219
20222
20228
20231
20237
20240
20246
20249
20255
20258
20261
20264
20270
20273
20276
20279
20285
20288
20294
20297
20303
20306
20312
20315
20321
20324
20327
20330
20336
20339
20345
20348
20354
20357
20363
20366
20372
20375
20381
20384
20390
20393
20399
20402
20408
20411
20417
20420
20423
20426
20432
20435
20441
20444
20450
20453
20459
20462
20468
20471
20477
20480
20486
20489
20495
20498
20504
20507
20513
20516
20522
20525
20531
20534
20540
20543
20549
20552
20558
20561
20564
20567
20573
20576
20582
20585
20591
20594
20600
20603
20606
20609
20615
20618
20624
20627
20633
20636
20642
20645
20651
20654
20660
20663
20669
20672
20678
20681
20687
20690
20696
20699
20705
20708
20714
20717
20723
20726
20732
20735
20741
20744
20750
20753
20756
20759
20765
20768
20774
20777
20780
20783
[mol24]
20784
20788
20794
20797
20800
20803
20809
20812
20815
20818
20824
20827
20833
20836
20842
20845
20851
20854
20860
20863
20869
20872
20875
20878
20884
20887
20893
20896
20902
20905
20911
20914
20920
20923
20926
20929
20935
20938
20944
20947
20953
20956
20962
20965
20971
20974
20980
20983
20989
20992
20998
21001
21007
21010
21016
21019
21025
21028
21034
21037
21043
21046
21052
21055
21061
21064
21070
21073
21076
21079
21085
21088
21094
21097
21103
21106
21112
21115
21121
21124
21127
21130
21136
21139
21142
21145
21151
21154
21160
21163
21169
21172
21178
21181
21187
21190
21193
21196
21202
21205
21211
21214
21220
21223
21229
21232
21238
21241
21247
21250
21256
21259
21265
21268
21274
21277
21283
21286
21289
21292
21298
21301
21307
21310
21316
21319
21325
21328
21334
21337
21343
21346
21352
21355
21361
21364
21370
21373
21379
21382
21388
21391
21397
21400
21406
21409
21415
21418
21424
21427
21430
21433
21439
21442
21448
21451
21457
21460
21466
21469
21472
21475
21481
21484
21490
21493
21499
21502
21508
21511
21517
21520
21526
21529
21535
21538
21544
21547
21553
21556
21562
21565
21571
21574
21580
21583
21589
21592
21598
21601
21607
21610
21616
21619
21622
21625
21631
21634
21640
21643
21646
21649
[mol25]
21650
21654
21660
21663
21666
21669
21675
21678
21681
21684
21690
21693
21699
21702
21708
21711
21717
21720
21726
21729
21735
21738
21741
21744
21750
21753
21759
21762
21768
21771
21777
21780
21786
21789
21792
21795
21801
21804
21810
21813
21819
21822
21828
21831
21837
21840
21846
21849
21855
21858
21864
21867
21873
21876
21882
21885
21891
21894
21900
21903
21909
21912
21918
21921
21927
21930
21936
21939
21942
21945
21951
21954
21960
21963
21969
21972
21978
21981
21987
21990
21993
21996
22002
22005
22008
22011
22017
22020
22026
22029
22035
22038
22044
22047
22053
22056
22059
22062
22068
22071
22077
22080
22086
22089
22095
22098
22104
22107
22113
22116
22122
22125
22131
22134
22140
22143
22149
22152
22155
22158
22164
22167
22173
22176
22182
22185
22191
22194
22200
22203
22209
22212
22218
22221
22227
22230
22236
22239
22245
22248
22254
22257
22263
22266
22272
22275
22281
22284
22290
22293
22296
22299
22305
22308
22314
22317
22323
22326
22332
22335
22338
22341
22347
22350
22356
22359
22365
22368
22374
22377
22383
22386
22392
22395
22401
22404
22410
22413
22419
22422
22428
22431
22437
22440
22446
22449
22455
22458
22464
22467
22473
22476
22482
22485
22488
22491
22497
22500
22506
22509
22512
22515
[mol26]
22516
22520
22526
22529
22532
22535
22541
22544
22547
22550
22556
22559
22565
22568
22574
22577
22583
22586
22592
22595
22601
22604
22607
22610
22616
22619
22625
22628
22634
22637
22643
22646
22652
22655
22658
22661
22667
22670
22676
22679
22685
22688
22694
22697
22703
22706
22712
22715
22721
22724
22730
22733
22739
22742
22748
22751
22757
22760
22766
22769
22775
22778
22784
22787
22793
22796
22802
22805
22808
22811
22817
22820
22826
22829
22835
22838
22844
22847
22853
22856
22859
22862
22868
22871
22874
22877
22883
22886
22892
22895
22901
22904
22910
22913
22919
22922
22925
22928
22934
22937
22943
22946
22952
22955
22961
22964
22970
22973
22979
22982
22988
22991
22997
23000
23006
23009
23015
23018
23021
23024
23030
23033
23039
23042
23048
23051
23057
23060
23066
23069
23075
23078
23084
23087
23093
23096
23102
23105
23111
23114
23120
23123
23129
23132
23138
23141
23147
23150
23156
23159
23162
23165
23171
23174
23180
23183
23189
23192
23198
23201
23204
23207
23213
23216
23222
23225
23231
23234
23240
23243
23249
23252
23258
23261
23267
23270
23276
23279
23285
23288
23294
23297
23303
23306
23312
23315
23321
23324
23330
23333
23339
23342
23348
23351
23354
23357
23363
23366
23372
23375
23378
23381
[mol27]
23382
23386
23392
23395
23398
23401
23407
23410
23413
23416
23422
23425
23431
23434
23440
23443
23449
23452
23458
23461
23467
23470
23473
23476
23482
23485
23491
23494
23500
23503
23509
23512
23518
23521
23524
23527
23533
23536
23542
23545
23551
23554
23560
23563
23569
23572
23578
23581
23587
23590
23596
23599
23605
23608
23614
23617
23623
23626
23632
23635
23641
23644
23650
23653
23659
23662
23668
23671
23674
23677
23683
23686
23692
23695
23701
23704
23710
23713
23719
23722
23725
23728
23734
23737
23740
23743
23749
23752
23758
23761
23767
23770
23776
23779
23785
23788
23791
23794
23800
23803
23809
23812
23818
23821
23827
23830
23836
23839
23845
23848
23854
23857
23863
23866
23872
23875
23881
23884
23887
23890
23896
23899
23905
23908
23914
23917
23923
23926
23932
23935
23941
23944
23950
23953
23959
23962
23968
23971
23977
23980
23986
23989
23995
23998
24004
24007
24013
24016
24022
24025
24028
24031
24037
24040
24046
24049
24055
24058
24064
24067
24070
24073
24079
24082
24088
24091
24097
24100
24106
24109
24115
24118
24124
24127
24133
24136
24142
24145
24151
24154
24160
24163
24169
24172
24178
24181
24187
24190
24196
24199
24205
24208
24214
24217
24220
24223
24229
24232
24238
24241
24244
24247
[mol28]
24248
24252
24258
24261
24264
24267
24273
24276
24279
24282
24288
24291
24297
24300
24306
24309
24315
24318
24324
24327
24333
24336
24339
24342
24348
24351
24357
24360
24366
24369
24375
24378
24384
24387
24390
24393
24399
24402
24408
24411
24417
24420
24426
24429
24435
24438
24444
24447
24453
24456
24462
24465
24471
24474
24480
24483
24489
24492
24498
24501
24507
24510
24516
24519
24525
24528
24534
24537
24540
24543
24549
24552
24558
24561
24567
24570
24576
24579
24585
24588
24591
24594
24600
24603
24606
24609
24615
24618
24624
24627
24633
24636
24642
24645
24651
24654
24657
24660
24666
24669
24675
24678
24684
24687
24693
24696
24702
24705
24711
24714
24720
24723
24729
24732
24738
24741
24747
24750
24753
24756
24762
24765
24771
24774
24780
24783
24789
24792
24798
24801
24807
24810
24816
24819
24825
24828
24834
24837
24843
24846
24852
24855
24861
24864
24870
24873
24879
24882
24888
24891
24894
24897
24903
24906
24912
24915
24921
24924
24930
24933
24936
24939
24945
24948
24954
24957
24963
24966
24972
24975
24981
24984
24990
24993
24999
25002
25008
25011
25017
25020
25026
25029
25035
25038
25044
25047
25053
25056
25062
25065
25071
25074
25080
25083
25086
25089
25095
25098
25104
25107
25110
25113
[mol29]
25114
25118
25124
25127
25130
25133
25139
25142
25145
25148
25154
25157
25163
25166
25172
25175
25181
25184
25190
25193
25199
25202
25205
25208
25214
25217
25223
25226
25232
25235
25241
25244
25250
25253
25256
25259
25265
25268
25274
25277
25283
25286
25292
25295
25301
25304
25310
25313
25319
25322
25328
25331
25337
25340
25346
25349
25355
25358
25364
25367
25373
25376
25382
25385
25391
25394
25400
25403
25406
25409
25415
25418
25424
25427
25433
25436
25442
25445
25451
25454
25457
25460
25466
25469
25472
25475
25481
25484
25490
25493
25499
25502
25508
25511
25517
25520
25523
25526
25532
25535
25541
25544
25550
25553
25559
25562
25568
25571
25577
25580
25586
25589
25595
25598
25604
25607
25613
25616
25619
25622
25628
25631
25637
25640
25646
25649
25655
25658
25664
25667
25673
25676
25682
25685
25691
25694
25700
25703
25709
25712
25718
25721
25727
25730
25736
25739
25745
25748
25754
25757
25760
25763
25769
25772
25778
25781
25787
25790
25796
25799
25802
25805
25811
25814
25820
25823
25829
25832
25838
25841
25847
25850
25856
25859
25865
25868
25874
25877
25883
25886
25892
25895
25901
25904
25910
25913
25919
25922
25928
25931
25937
25940
25946
25949
25952
25955
25961
25964
25970
25973
25976
25979
