[mol0]
50
53
56
59
62
65
68
71
74
77
80
83
86
89
92
95
98
101
104
107
110
113
116
119
[mol1]
171
174
177
180
183
186
189
192
195
198
201
204
207
210
213
216
219
222
225
228
231
234
237
240
[mol2]
292
295
298
301
304
307
310
313
316
319
322
325
328
331
334
337
340
343
346
349
352
355
358
361
[mol3]
413
416
419
422
425
428
431
434
437
440
443
446
449
452
455
458
461
464
467
470
473
476
479
482
[mol4]
534
537
540
543
546
549
552
555
558
561
564
567
570
573
576
579
582
585
588
591
594
597
600
603
[mol5]
655
658
661
664
667
670
673
676
679
682
685
688
691
694
697
700
703
706
709
712
715
718
721
724
[mol6]
776
779
782
785
788
791
794
797
800
803
806
809
812
815
818
821
824
827
830
833
836
839
842
845
[mol7]
897
900
903
906
909
912
915
918
921
924
927
930
933
936
939
942
945
948
951
954
957
960
963
966
[mol8]
1018
1021
1024
1027
1030
1033
1036
1039
1042
1045
1048
1051
1054
1057
1060
1063
1066
1069
1072
1075
1078
1081
1084
1087
[mol9]
1139
1142
1145
1148
1151
1154
1157
1160
1163
1166
1169
1172
1175
1178
1181
1184
1187
1190
1193
1196
1199
1202
1205
1208
[mol10]
1260
1263
1266
1269
1272
1275
1278
1281
1284
1287
1290
1293
1296
1299
1302
1305
1308
1311
1314
1317
1320
1323
1326
1329
[mol11]
1381
1384
1387
1390
1393
1396
1399
1402
1405
1408
1411
1414
1417
1420
1423
1426
1429
1432
1435
1438
1441
1444
1447
1450
[mol12]
1502
1505
1508
1511
1514
1517
1520
1523
1526
1529
1532
1535
1538
1541
1544
1547
1550
1553
1556
1559
1562
1565
1568
1571
[mol13]
1623
1626
1629
1632
1635
1638
1641
1644
1647
1650
1653
1656
1659
1662
1665
1668
1671
1674
1677
1680
1683
1686
1689
1692
[mol14]
1744
1747
1750
1753
1756
1759
1762
1765
1768
1771
1774
1777
1780
1783
1786
1789
1792
1795
1798
1801
1804
1807
1810
1813
[mol15]
1865
1868
1871
1874
1877
1880
1883
1886
1889
1892
1895
1898
1901
1904
1907
1910
1913
1916
1919
1922
1925
1928
1931
1934
[mol16]
1986
1989
1992
1995
1998
2001
2004
2007
2010
2013
2016
2019
2022
2025
2028
2031
2034
2037
2040
2043
2046
2049
2052
2055
[mol17]
2107
2110
2113
2116
2119
2122
2125
2128
2131
2134
2137
2140
2143
2146
2149
2152
2155
2158
2161
2164
2167
2170
2173
2176
[mol18]
2228
2231
2234
2237
2240
2243
2246
2249
2252
2255
2258
2261
2264
2267
2270
2273
2276
2279
2282
2285
2288
2291
2294
2297
[mol19]
2349
2352
2355
2358
2361
2364
2367
2370
2373
2376
2379
2382
2385
2388
2391
2394
2397
2400
2403
2406
2409
2412
2415
2418
[mol20]
2470
2473
2476
2479
2482
2485
2488
2491
2494
2497
2500
2503
2506
2509
2512
2515
2518
2521
2524
2527
2530
2533
2536
2539
[mol21]
2591
2594
2597
2600
2603
2606
2609
2612
2615
2618
2621
2624
2627
2630
2633
2636
2639
2642
2645
2648
2651
2654
2657
2660
[mol22]
2712
2715
2718
2721
2724
2727
2730
2733
2736
2739
2742
2745
2748
2751
2754
2757
2760
2763
2766
2769
2772
2775
2778
2781
[mol23]
2833
2836
2839
2842
2845
2848
2851
2854
2857
2860
2863
2866
2869
2872
2875
2878
2881
2884
2887
2890
2893
2896
2899
2902
[mol24]
2954
2957
2960
2963
2966
2969
2972
2975
2978
2981
2984
2987
2990
2993
2996
2999
3002
3005
3008
3011
3014
3017
3020
3023
[mol25]
3075
3078
3081
3084
3087
3090
3093
3096
3099
3102
3105
3108
3111
3114
3117
3120
3123
3126
3129
3132
3135
3138
3141
3144
[mol26]
3196
3199
3202
3205
3208
3211
3214
3217
3220
3223
3226
3229
3232
3235
3238
3241
3244
3247
3250
3253
3256
3259
3262
3265
[mol27]
3317
3320
3323
3326
3329
3332
3335
3338
3341
3344
3347
3350
3353
3356
3359
3362
3365
3368
3371
3374
3377
3380
3383
3386
[mol28]
3438
3441
3444
3447
3450
3453
3456
3459
3462
3465
3468
3471
3474
3477
3480
3483
3486
3489
3492
3495
3498
3501
3504
3507
[mol29]
3559
3562
3565
3568
3571
3574
3577
3580
3583
3586
3589
3592
3595
3598
3601
3604
3607
3610
3613
3616
3619
3622
3625
3628
[mol30]
3680
3683
3686
3689
3692
3695
3698
3701
3704
3707
3710
3713
3716
3719
3722
3725
3728
3731
3734
3737
3740
3743
3746
3749
[mol31]
3801
3804
3807
3810
3813
3816
3819
3822
3825
3828
3831
3834
3837
3840
3843
3846
3849
3852
3855
3858
3861
3864
3867
3870
[mol32]
3922
3925
3928
3931
3934
3937
3940
3943
3946
3949
3952
3955
3958
3961
3964
3967
3970
3973
3976
3979
3982
3985
3988
3991
[mol33]
4043
4046
4049
4052
4055
4058
4061
4064
4067
4070
4073
4076
4079
4082
4085
4088
4091
4094
4097
4100
4103
4106
4109
4112
[mol34]
4164
4167
4170
4173
4176
4179
4182
4185
4188
4191
4194
4197
4200
4203
4206
4209
4212
4215
4218
4221
4224
4227
4230
4233
[mol35]
4285
4288
4291
4294
4297
4300
4303
4306
4309
4312
4315
4318
4321
4324
4327
4330
4333
4336
4339
4342
4345
4348
4351
4354
[mol36]
4406
4409
4412
4415
4418
4421
4424
4427
4430
4433
4436
4439
4442
4445
4448
4451
4454
4457
4460
4463
4466
4469
4472
4475
[mol37]
4527
4530
4533
4536
4539
4542
4545
4548
4551
4554
4557
4560
4563
4566
4569
4572
4575
4578
4581
4584
4587
4590
4593
4596
[mol38]
4648
4651
4654
4657
4660
4663
4666
4669
4672
4675
4678
4681
4684
4687
4690
4693
4696
4699
4702
4705
4708
4711
4714
4717
[mol39]
4769
4772
4775
4778
4781
4784
4787
4790
4793
4796
4799
4802
4805
4808
4811
4814
4817
4820
4823
4826
4829
4832
4835
4838
